20,Producto 20,41.47,3,77,0,7
705,Producto 705,53.14,1,86,2,37
281,Producto 281,5.54,0,10,18,88
692,Producto 692,10.37,3,30,26,53
876,Producto 876,87.66,1,35,7,61
977,Producto 977,38.75,1,62,23,57
907,Producto 907,67.71,4,30,17,36
125,Producto 125,56.60,0,41,24,53
229,Producto 229,46.83,3,4,18,36
549,Producto 549,88.08,3,53,2,36
453,Producto 453,98.06,2,4,3,57
599,Producto 599,7.47,1,0,15,52
0,Producto 0,76.89,4,6,16,50
79,Producto 79,35.74,4,81,12,13
743,Producto 743,90.64,1,3,6,59
30,Producto 30,9.89,2,27,17,68
920,Producto 920,40.31,0,36,18,63
639,Producto 639,94.04,0,19,9,14
852,Producto 852,31.92,4,73,25,94
101,Producto 101,7.72,0,78,4,78
825,Producto 825,57.18,2,98,20,33
858,Producto 858,39.88,3,4,13,50
986,Producto 986,19.61,2,28,3,34
912,Producto 912,26.53,3,55,26,28
534,Producto 534,82.92,1,10,16,44
128,Producto 128,24.27,2,57,13,62
400,Producto 400,90.83,1,22,2,63
3,Producto 3,14.21,2,33,19,88
999,Producto 999,76.95,3,68,22,34
832,Producto 832,69.04,4,81,10,95
559,Producto 559,5.50,0,63,3,41
968,Producto 968,61.29,0,65,25,47
208,Producto 208,44.68,1,82,20,92
983,Producto 983,91.99,3,80,11,38
922,Producto 922,64.49,2,58,27,53
171,Producto 171,3.46,0,11,3,54
463,Producto 463,10.66,3,96,20,40
640,Producto 640,99.17,2,50,23,83
730,Producto 730,12.21,0,96,4,17
577,Producto 577,3.12,3,55,17,20
611,Producto 611,1.94,0,24,13,93
346,Producto 346,71.65,0,90,14,81
386,Producto 386,27.95,2,1,21,38
610,Producto 610,10.96,0,83,9,52
33,Producto 33,74.92,0,80,4,91
634,Producto 634,84.76,2,47,13,38
22,Producto 22,60.20,0,97,26,75
924,Producto 924,90.44,1,94,20,82
892,Producto 892,95.54,1,73,15,16
13,Producto 13,75.02,1,2,17,87
290,Producto 290,36.14,0,34,14,15
398,Producto 398,92.24,2,63,15,49
447,Producto 447,21.50,1,5,27,98
658,Producto 658,98.03,3,66,21,44
603,Producto 603,78.94,1,70,14,22
713,Producto 713,31.37,2,24,14,79
165,Producto 165,44.96,3,79,26,83
975,Producto 975,10.52,0,51,29,60
994,Producto 994,26.89,4,44,20,22
869,Producto 869,59.71,0,1,1,51
443,Producto 443,64.14,0,6,4,49
764,Producto 764,21.50,0,48,7,58
846,Producto 846,17.19,3,33,23,47
603,Producto 603,2.44,0,1,15,43
88,Producto 88,61.58,2,14,5,56
186,Producto 186,36.81,0,14,23,85
294,Producto 294,38.00,0,85,29,73
102,Producto 102,21.40,1,83,0,3
597,Producto 597,60.24,2,44,10,56
867,Producto 867,4.50,1,95,0,39
782,Producto 782,64.76,2,84,22,28
844,Producto 844,73.22,3,79,25,63
690,Producto 690,98.19,3,10,21,26
800,Producto 800,98.78,3,46,4,44
549,Producto 549,76.58,1,36,26,60
529,Producto 529,6.27,4,2,19,59
700,Producto 700,88.29,0,35,8,96
217,Producto 217,7.53,1,25,21,87
833,Producto 833,7.48,4,55,25,60
182,Producto 182,94.82,3,60,14,39